```

import java.util.Scanner;


public class MultidimensionalArray4 {
    public static void main(String[] args) {

    // 配列の宣言。
        int kuku[][] = new int[9][9];

        // 九九の結果を配列に保存。
        for( int i = 0; i < 9; i++) {
            for( int j=0; j<9; j++ ){
                kuku[i][j] = (i + 1) * (j + 1);
            }
        }

        // 九九の結果を表示。
        for( int i = 8; i >= 0; i-- ) {
            for( int j=8; j >= 0; j--) {
                  System.out.printf("%3d", kuku[i][j]); 
            }
            System.out.println();
        }
	  }
}
>出力結果
 81 72 63 54 45 36 27 18  9
 72 64 56 48 40 32 24 16  8
 63 56 49 42 35 28 21 14  7
 54 48 42 36 30 24 18 12  6
 45 40 35 30 25 20 15 10  5
 36 32 28 24 20 16 12  8  4
 27 24 21 18 15 12  9  6  3
 18 16 14 12 10  8  6  4  2
  9  8  7  6  5  4  3  2  1
```
